0.000000 0.999969
0.999969 0.000000
0.000000 -0.999969
-0.999969 0.000000
0.000000 0.999969
0.999969 0.000000
-0.865997 -0.499969
0.000000 0.999969
0.000000 0.999969
0.499969 0.865997
0.601776 0.798615
0.707062 0.707062
0.865997 0.499969
0.978119 -0.207886
0.865997 -0.499969
0.707062 -0.707062
0.499969 -0.865997
-0.173615 -0.984772
-0.499969 -0.865997
-0.707062 -0.707062
-0.939667 -0.342010
-0.865997 0.499969
-0.707062 0.707062
-0.342010 0.939667
0.650757 0.759247
0.983856 -0.178772
-0.648102 -0.761505
-0.161591 0.986816
-0.499969 0.865997
-0.601776 0.798615
-0.707062 0.707062
-0.865997 0.499969
-0.978119 -0.207886
-0.865997 -0.499969
-0.707062 -0.707062
-0.499969 -0.865997
0.173615 -0.984772
0.499969 -0.865997
0.707062 -0.707062
0.939667 -0.342010
0.865997 0.499969
0.707062 0.707062
0.342010 0.939667
-0.650757 0.759247
-0.983856 -0.178772
0.648102 -0.761505
0.161591 0.986816
